1500 1501 1512 1 2
1501 1500 1 2 3
1500 1501 1 2 3
1500 1501 1 2 3
1501 1500 1 2 3
1501 1500 1 2 3
1500 1501 1 2 3
1501 1500 1 2 3
1500 1501 1 2 3
1500 1501 1 2 3
1500 1501 1 2 3
1500 1501 1 2 3
1500 1501 1 2 3
1500 1501 1 2 3
1500 1501 1 2 3
1500 1501 1 2 3
1501 1500 1 2 3
1500 1501 1 2 3
1500 1501 1 2 3
1501 1500 1 2 3
1501 1500 1 2 3
1501 1500 1 2 3
1500 1501 1 2 3
1501 1500 1 2 3
1500 1501 1 2 3
1500 1501 1 2 3
1500 1501 1 2 3
1500 1501 1 2 3
1500 1501 1 2 3
1501 1500 1 2 3
1500 1501 1 2 3
1500 1501 1 2 3
1500 1501 1 2 3
1501 1500 1 2 3
1500 1501 1 2 3
1501 1500 1 2 3
1500 1501 1 2 3
1500 1501 1 2 3
1500 1501 1 2 3
1501 1500 1 2 3
1500 1501 1 2 3
1501 1500 1 2 3
1500 1501 1 2 3
1500 1501 47 1 2
1501 1500 47 466 1
1501 1500 47 1 2
1500 1501 47 1 2
1500 1501 1 2 3
1500 1501 1 2 3
1501 1500 47 1 2
1500 1501 1 2 3
1500 1501 47 1 2
1501 1500 47 9 1
