1500 1501 1512 1 2
1501 1500 1 2 3
1500 1501 1 2 3
1501 1500 1 2 3
1500 1501 1 2 3
1500 1501 1 2 3
1500 1501 1 2 3
1500 1501 1 2 3
1500 1501 1 2 3
1500 1501 1 2 3
1500 1501 1 2 3
1500 1501 1 2 3
1500 1501 1 2 3
1501 1500 1 2 3
1500 1501 1 2 3
1500 1501 1 2 3
1501 1500 1 2 3
1501 1500 1 2 3
1500 1501 879 1 2
1500 1501 1 2 3
1500 1501 1 2 3
1501 1500 1 2 3
1501 1500 1 2 3
1500 1501 1 2 3
1500 1501 1 2 3
1500 1501 1 2 3
1501 1500 1 2 3
1500 1501 1 2 3
1500 1501 1 2 3
1500 1501 1 2 3
1500 1501 1 2 3
1501 1500 1 2 3
1501 1500 1 2 3
1500 1501 1 2 3
1500 1501 1 2 3
1501 1500 1 2 3
1501 1500 1 2 3
1500 1501 23 1 2
1500 1501 9 1 2
1501 1500 1 2 3
1500 1501 1 2 3
1501 1500 1 2 3
1500 1501 1 2 3
1500 1501 47 1 2
