1395.8 820.0
1359.3 820.0
1324.7 820.0
1288.5 820.0
1254.5 820.0
1220.5 820.0
1186.1 820.0
1150.9 820.0
1118.4 820.0
1085.2 820.0
1050.9 820.0
1018.0 820.0
984.1 820.0
947.3 820.0
913.1 820.0
879.2 820.0
845.8 820.0
812.7 820.0
776.4 820.0
741.6 820.0
704.7 820.0
669.9 820.0
635.8 820.0
600.7 820.0
564.0 820.0
527.7 820.0
492.8 820.0
458.7 820.0
424.9 820.0
389.2 820.0
353.8 820.0
320.5 820.0
284.1 820.0
249.8 820.0
216.0 820.0
181.1 820.0
144.8 820.0
109.8 820.0
74.0 820.0
64.9 816.7
63.6 814.2
72.0 811.5
72.4 807.2
73.3 751.5
68.9 442.2
78.1 407.0
73.2 359.2
71.7 331.0
70.7 264.1
73.4 220.0
71.6 193.7
74.7 161.2
64.3 122.0
