1395.2 820.0
1358.8 820.0
1323.3 820.0
1289.3 820.0
1254.8 820.0
1221.0 820.0
1186.6 820.0
1152.5 820.0
1118.7 820.0
1085.8 820.0
1051.9 820.0
1016.7 820.0
982.5 820.0
947.9 820.0
913.4 820.0
879.0 820.0
845.8 820.0
811.2 820.0
776.5 820.0
740.3 820.0
704.1 820.0
670.9 820.0
636.6 820.0
601.2 820.0
564.9 820.0
527.4 820.0
494.3 820.0
460.2 820.0
423.8 820.0
390.0 820.0
353.2 820.0
318.8 820.0
284.7 820.0
249.2 820.0
217.5 820.0
182.6 820.0
144.8 820.0
109.0 820.0
75.6 820.0
65.5 816.7
64.1 814.2
73.6 811.5
72.7 807.2
73.3 751.5
